Secondary Structure Prediction Output (Part of REGAd3p ASA Prediction)
TARGET: 1BBHA, Length: 131

SR#  AA  SSp  pCoil          pBeta          pHelix
1    A   C    0.969069       0.0120959      0.0188356
2    G   C    0.956883       0.029507       0.0136103
3    L   C    0.952616       0.0315735      0.0158105
4    S   C    0.96098        0.0225523      0.0164675
5    P   C    0.666082       0.0160337      0.317884
6    E   H    0.191967       0.0153506      0.792682
7    E   H    0.106461       0.0220114      0.871528
8    Q   H    0.059489       0.0375509      0.90296
9    I   H    0.0354784      0.0454596      0.919062
10   E   H    0.036649       0.0467235      0.916627
11   T   H    0.0477983      0.0454146      0.906787
12   R   H    0.107248       0.0308116      0.861941
13   Q   H    0.0594798      0.0295635      0.910957
14   A   H    0.144658       0.0357507      0.819592
15   G   H    0.192305       0.0615055      0.746189
16   Y   H    0.100821       0.0978902      0.801289
17   E   H    0.0461285      0.166738       0.787134
18   F   H    0.0400195      0.161996       0.797985
19   M   H    0.0982517      0.13381        0.767938
20   G   H    0.112235       0.0994966      0.788269
21   W   H    0.19265        0.102163       0.705187
22   N   H    0.42136        0.139403       0.439237
23   M   H    0.393542       0.106584       0.499874
24   G   C    0.509691       0.160533       0.329775
25   K   H    0.255671       0.248214       0.496115
26   I   H    0.190039       0.151401       0.658559
27   K   H    0.233613       0.120468       0.645919
28   A   H    0.267507       0.0954448      0.637048
29   N   H    0.257975       0.127384       0.614641
30   L   H    0.415543       0.117199       0.467257
31   E   C    0.698299       0.0321966      0.269505
32   G   C    0.767729       0.00986927     0.222402
33   E   C    0.751211       0.00506789     0.243721
34   Y   C    0.558134       0.0135242      0.428342
35   N   C    0.507964       0.00488297     0.487153
36   A   H    0.0311682      0.00103346     0.967798
37   A   H    0.00950812     0.0016084      0.988883
38   Q   H    0.00437786     0.00171172     0.99391
39   V   H    0.00425701     0.00299154     0.992751
40   E   H    0.00635015     0.0040966      0.989553
41   A   H    0.0173292      0.00397873     0.978692
42   A   H    0.0246379      0.00250355     0.972859
43   A   H    0.0214142      0.00157943     0.977006
44   N   H    0.0385365      0.00401556     0.957448
45   V   H    0.0212303      0.00654053     0.972229
46   I   H    0.00791907     0.00834895     0.983732
47   A   H    0.0118258      0.0144745      0.9737
48   A   H    0.0289252      0.0502221      0.920853
49   I   H    0.0665593      0.0790099      0.854431
50   A   H    0.300708       0.103181       0.596111
51   N   C    0.48906        0.11398        0.39696
52   S   C    0.790895       0.0756853      0.133419
53   G   C    0.895918       0.0461159      0.0579658
54   M   C    0.82908        0.0779054      0.0930146
55   G   C    0.768202       0.125058       0.10674
56   A   C    0.676845       0.208678       0.114476
57   L   C    0.522325       0.435808       0.0418668
58   Y   C    0.535449       0.447083       0.017468
59   G   C    0.805534       0.184447       0.0100197
60   P   C    0.88299        0.101464       0.0155456
61   G   C    0.88477        0.0985397      0.0166902
62   T   C    0.819534       0.153005       0.0274612
63   D   C    0.838024       0.129964       0.0320124
64   K   C    0.747804       0.176773       0.0754229
65   N   C    0.806743       0.148932       0.0443249
66   V   C    0.838988       0.115342       0.0456692
67   G   C    0.869461       0.102227       0.0283116
68   D   C    0.809762       0.148031       0.0422066
69   V   C    0.707908       0.206686       0.0854063
70   K   C    0.61909        0.218664       0.162246
71   T   C    0.473877       0.216535       0.309588
72   R   C    0.405306       0.317554       0.277139
73   V   C    0.450543       0.364669       0.184787
74   K   C    0.443046       0.360972       0.195981
75   P   H    0.222388       0.19103        0.586581
76   E   H    0.140581       0.198983       0.660436
77   F   H    0.088208       0.243326       0.668466
78   F   H    0.15182        0.158927       0.689253
79   Q   H    0.327027       0.119699       0.553274
80   N   C    0.655859       0.0302721      0.313869
81   M   H    0.351696       0.00786557     0.640439
82   E   H    0.269905       0.00628725     0.723808
83   D   H    0.202627       0.00710984     0.790263
84   V   H    0.109882       0.00867183     0.881446
85   G   H    0.104471       0.0111121      0.884416
86   K   H    0.0585895      0.012388       0.929023
87   I   H    0.04871        0.0208454      0.930445
88   A   H    0.0357651      0.012167       0.952068
89   R   H    0.0382903      0.00850769     0.953202
90   E   H    0.0417709      0.0122889      0.94594
91   F   H    0.0563261      0.0147259      0.928948
92   V   H    0.0938786      0.0185001      0.887621
93   G   H    0.0750247      0.00858366     0.916392
94   A   H    0.0733513      0.00451831     0.92213
95   A   H    0.0627075      0.00454363     0.932749
96   N   H    0.0882772      0.00621148     0.905511
97   T   H    0.0713658      0.0105469      0.918087
98   L   H    0.0693584      0.0137924      0.916849
99   A   H    0.16137        0.0159532      0.822676
END
